<?xml version="1.0"?>
<opencv_storage>
<calibration_Time>"Thu Mar  8 00:56:25 2018"</calibration_Time>
<nrOfFrames>15</nrOfFrames>
<image_Width>4000</image_Width>
<image_Height>3000</image_Height>
<board_Width>9</board_Width>
<board_Height>6</board_Height>
<square_Size>24.</square_Size>
<FixAspectRatio>1.</FixAspectRatio>
<!-- flags:  +fix_aspectRatio +fix_principal_point +zero_tangent_dist -->
<flagValue>14</flagValue>
<Camera_Matrix type_id="opencv-matrix">
  <rows>3</rows>
  <cols>3</cols>
  <dt>d</dt>
  <data>
    3.5800479790756740e+03 0. 2000. 0. 3.5800479790756740e+03 1500. 0.
    0. 1.</data></Camera_Matrix>
<Distortion_Coefficients type_id="opencv-matrix">
  <rows>5</rows>
  <cols>1</cols>
  <dt>d</dt>
  <data>
    9.9635180722738553e-02 -1.4524033642019438e+00 0. 0.
    4.8372782031110919e+00</data></Distortion_Coefficients>
<Avg_Reprojection_Error>7.3298376666811036e+00</Avg_Reprojection_Error>
<Per_View_Reprojection_Errors type_id="opencv-matrix">
  <rows>15</rows>
  <cols>1</cols>
  <dt>f</dt>
  <data>
    1.84203911e+01 1.53568611e+01 5.44228601e+00 5.04200506e+00
    7.27806234e+00 3.38358378e+00 3.75539470e+00 3.47144127e+00
    3.84146714e+00 3.86058259e+00 3.22447658e+00 2.42021942e+00
    2.87971997e+00 4.09974241e+00 3.75825047e+00</data></Per_View_Reprojection_Errors>
<!-- a set of 6-tuples (rotation vector + translation vector) for each view -->
<Extrinsic_Parameters type_id="opencv-matrix">
  <rows>15</rows>
  <cols>6</cols>
  <dt>d</dt>
  <data>
    -6.0156758250505427e-01 -1.9434527897577641e-01
    2.4928015456526604e+00 6.7643305559016255e+01
    -9.0428981659119734e-01 4.0635492420202866e+02
    -8.1550463450170385e-01 3.4268942777770463e-02
    3.0177323920600112e+00 5.4795437795923064e+01 6.4603255628776353e+01
    4.2062884397893401e+02 -3.6197484616993192e-01
    5.1940720380739613e-01 2.2930536351662565e+00 8.3321468288848962e+01
    -5.8535860978101887e+01 3.7561417020362808e+02
    -1.5024155854466623e-01 6.3804118745539162e-01
    2.9448007821293811e+00 6.3726086464160616e+01 2.4135115621246378e+01
    3.2755305937152087e+02 -1.4945627250902860e-01
    8.9487537267177852e-01 2.8968974857315839e+00 6.9741077825953298e+01
    2.8044817606058821e+01 3.2202422233177390e+02
    -2.2172125535587769e-01 4.5664714185368194e-01
    3.0456270311560703e+00 7.8516052161326471e+01 4.0326839329297300e+01
    3.4480254439134370e+02 1.3913946809181368e-01
    -4.2286285707494736e-01 -2.6416602256377222e+00
    3.6190610512818914e+01 6.8700087273630231e+01 3.4576648633671618e+02
    -3.2995052870362540e-01 5.3636515402852858e-02
    4.7577437341597351e-01 -9.7303310776910735e+01
    -1.0540396130160539e+02 3.8932656783304674e+02
    -3.0781997454473042e-01 -3.4467574359913614e-03
    -1.6379685014839218e-02 -1.2514937281531707e+02
    -7.2592560267137486e+01 3.5874203302533397e+02
    -3.7086840451003961e-01 -9.0806660804310199e-02
    -4.4999629855825096e-01 -1.4016069215505493e+02
    -2.8463484992427624e+01 3.3810624101340352e+02
    -3.3524129949468101e-01 -8.2700792054008099e-02
    -8.5006062382330416e-01 -1.3078243060222235e+02
    1.0910763384386575e+01 3.4620827609515078e+02
    -9.9828875501402847e-02 -1.6279190844365656e-02
    -3.3087681787479788e-03 -1.2133883911578766e+02
    -7.4023743935473675e+01 3.4573376832299562e+02
    -1.1984081791246048e-01 -3.0975859482930369e-03
    5.4044773353610409e-01 -6.3939678092973416e+01
    -1.1567808683082083e+02 3.4328709445012913e+02
    -1.9557388852825264e-01 -1.7886142885700578e-03
    1.0474250016178519e+00 -3.1381939724572263e+01
    -1.2005321569550662e+02 3.6763021371862737e+02
    -1.8471501926089762e-01 2.6873916229653055e-02
    1.5517858728655491e+00 3.1438227410380836e+01
    -1.1124913132356552e+02 3.7029701749902648e+02</data></Extrinsic_Parameters>
<Image_points type_id="opencv-matrix">
  <rows>15</rows>
  <cols>54</cols>
  <dt>"2f"</dt>
  <data>
    2.60372949e+03 1.51377368e+03 2.44934521e+03 1.63757361e+03
    2.29083008e+03 1.76322632e+03 2.12700293e+03 1.89430225e+03
    1.95493604e+03 2.02784705e+03 1.78120874e+03 2.16577393e+03
    1.60109583e+03 2.30886108e+03 1.41408154e+03 2.45823999e+03
    1.21857251e+03 2.61428882e+03 2.50756787e+03 1.32620081e+03
    2.34889893e+03 1.44798206e+03 2.18578198e+03 1.57431372e+03
    2.01666638e+03 1.70454858e+03 1.84110632e+03 1.83894446e+03
    1.66136914e+03 1.97651929e+03 1.47448474e+03 2.11888696e+03
    1.28061011e+03 2.26721704e+03 1.07833057e+03 2.42249780e+03
    2.40761914e+03 1.12926050e+03 2.24371606e+03 1.25145923e+03
    2.07565894e+03 1.37671252e+03 1.90239063e+03 1.50674866e+03
    1.72122290e+03 1.64075745e+03 1.53474524e+03 1.77799817e+03
    1.34178113e+03 1.92004028e+03 1.14091028e+03 2.06770728e+03
    9.30537415e+02 2.22170581e+03 2.30354541e+03 9.26442932e+02
    2.13519727e+03 1.04611267e+03 1.96077979e+03 1.17095703e+03
    1.78060803e+03 1.29982837e+03 1.59423450e+03 1.43356519e+03
    1.40235864e+03 1.57013733e+03 1.20236401e+03 1.71208350e+03
    9.93858154e+02 1.85875342e+03 7.75256958e+02 2.01208960e+03
    2.19454590e+03 7.13819763e+02 2.02145654e+03 8.33096008e+02
    1.84162048e+03 9.55385010e+02 1.65566724e+03 1.08301855e+03
    1.46304163e+03 1.21518799e+03 1.26357959e+03 1.35128369e+03
    1.05619946e+03 1.49304333e+03 8.39034302e+02 1.63924939e+03
    6.11860779e+02 1.79152576e+03 2.08246240e+03 4.92936554e+02
    1.90319336e+03 6.09368103e+02 1.71693933e+03 7.30502686e+02
    1.52511609e+03 8.55527161e+02 1.32492041e+03 9.86021362e+02
    1.11785974e+03 1.12116650e+03 9.01638245e+02 1.26186536e+03
    6.76143372e+02 1.40730640e+03 4.39901215e+02 1.55938831e+03
    2.46188696e+03 2.06734033e+03 2.28892725e+03 2.08291040e+03
    2.11038696e+03 2.09819849e+03 1.92228796e+03 2.11496313e+03
    1.72353540e+03 2.13157153e+03 1.51582190e+03 2.14987500e+03
    1.29669080e+03 2.16943628e+03 1.06291101e+03 2.19001733e+03
    8.13112549e+02 2.21306641e+03 2.46112573e+03 1.86256677e+03
    2.28867700e+03 1.87253467e+03 2.10777686e+03 1.88379907e+03
    1.91893445e+03 1.89513818e+03 1.71896545e+03 1.90705701e+03
    1.50950134e+03 1.91913037e+03 1.28727417e+03 1.93222656e+03
    1.05102209e+03 1.94495154e+03 7.99594788e+02 1.96057666e+03
    2.46167993e+03 1.65320251e+03 2.28702222e+03 1.65934363e+03
    2.10550635e+03 1.66518140e+03 1.91545276e+03 1.67144373e+03
    1.71415625e+03 1.67770691e+03 1.50188086e+03 1.68372278e+03
    1.27771582e+03 1.69023279e+03 1.03952271e+03 1.69650464e+03
    7.84565735e+02 1.70278479e+03 2.46152612e+03 1.44281042e+03
    2.28723047e+03 1.44251648e+03 2.10270142e+03 1.44314575e+03
    1.91018250e+03 1.44368884e+03 1.70698755e+03 1.44407910e+03
    1.49339893e+03 1.44410791e+03 1.26661841e+03 1.44352075e+03
    1.02581970e+03 1.44181274e+03 7.68866699e+02 1.44053735e+03
    2.46199487e+03 1.22834595e+03 2.28610400e+03 1.22274170e+03
    2.10063428e+03 1.21708948e+03 1.90623816e+03 1.21165198e+03
    1.70142200e+03 1.20555872e+03 1.48583337e+03 1.19847058e+03
    1.25688611e+03 1.19138782e+03 1.01298859e+03 1.18252661e+03
    7.53669189e+02 1.17391980e+03 2.46146509e+03 1.01167828e+03
    2.28484180e+03 9.99218811e+02 2.09818628e+03 9.87876038e+02
    1.90342505e+03 9.75283447e+02 1.69580383e+03 9.62633240e+02
    1.47805750e+03 9.48531860e+02 1.24591516e+03 9.34894470e+02
    1.00027820e+03 9.18425720e+02 7.38176514e+02 9.01859070e+02
    2.78738721e+03 9.37804138e+02 2.64840137e+03 1.06667627e+03
    2.50298804e+03 1.20116357e+03 2.34919263e+03 1.34300879e+03
    2.18706177e+03 1.49567480e+03 2.01483948e+03 1.65631262e+03
    1.83132544e+03 1.82802429e+03 1.63308057e+03 2.01374182e+03
    1.41941565e+03 2.21466211e+03 2.61295093e+03 8.04281555e+02
    2.47212524e+03 9.26997559e+02 2.32447388e+03 1.05498987e+03
    2.16953027e+03 1.18991833e+03 2.00458167e+03 1.33478564e+03
    1.83010461e+03 1.48740820e+03 1.64371692e+03 1.65094006e+03
    1.44257104e+03 1.82676123e+03 1.22648242e+03 2.01552405e+03
